[0, 5, 5, 5, 1, 1]
[0, 4, 4, 1, 1, 7, 5, 1, 1, 9, 12, 10, 1]
[0, 1, 4, 2, 1]
[6, 6, 6, 6, 6, 0, 6, 6, 12, 12, 12, 8, 8, 16, 16, 13, 6]
[0, 4, 4, 1, 1]
[0, 5, 5, 5, 1, 1, 9, 9, 6, 1]
[0, 5, 5, 5, 1, 1]
[0, 4, 4, 1, 1, 7, 5, 1, 1, 9, 12, 10, 1]
[0, 1, 4, 2, 1]
[6, 6, 6, 6, 6, 0, 6, 6, 14, 14, 14, 14, 14, 8, 6]
[0, 4, 4, 1, 1]
[0, 5, 5, 5, 1, 1, 9, 9, 6, 1]
[0, 5, 5, 5, 1, 1]
[0, 1, 4, 2, 1]
[6, 6, 6, 6, 6, 0, 6, 6, 14, 14, 14, 14, 14, 8, 6]
[0, 4, 4, 1, 1]
[0, 5, 5, 5, 1, 1, 9, 9, 6, 1]
[0, 5, 5, 5, 1, 1]
[0, 1, 4, 2, 1]
[6, 6, 6, 6, 6, 0, 6, 6, 14, 14, 14, 14, 14, 8, 6]
[0, 4, 4, 1, 1]
[0, 5, 5, 5, 1, 1, 9, 9, 6, 1]
[0, 5, 5, 5, 1, 1]
[6, 6, 6, 6, 6, 0, 6, 6, 14, 14, 14, 14, 14, 8, 6]
[0, 4, 4, 1, 1]
[0, 5, 5, 5, 1, 1, 9, 9, 6, 1]
[0, 5, 5, 5, 1, 1]
[0, 1, 4, 2, 1]
[0, 1, 4, 2, 1]
[0, 6, 6, 6, 6, 1, 1, 1, 11, 11, 8, 8, 15, 15, 12, 1, 1, 17, 20, 18, 1]
[6, 6, 6, 6, 6, 0, 6, 6, 11, 11, 8, 13, 17, 17, 17, 17, 11, 6, 6, 19, 22, 20, 6]
[6, 6, 6, 6, 6, 0, 6, 6, 14, 14, 14, 14, 14, 8, 14, 18, 18, 14, 6]
[6, 6, 6, 6, 6, 0, 6, 6, 14, 14, 14, 14, 14, 8, 6, 6, 16, 19, 17, 6]
[0, 5, 5, 5, 1, 1]
[0, 6, 6, 6, 6, 1, 1, 1, 11, 11, 8, 8, 15, 15, 12, 1, 1, 17, 20, 18, 1]
[6, 6, 6, 6, 6, 0, 6, 6, 8, 11, 9, 6]
[6, 6, 6, 6, 6, 0, 6, 6, 14, 14, 14, 14, 14, 8, 14, 20, 20, 20, 20, 14, 14, 24, 24, 14, 6]
[6, 6, 6, 6, 6, 0, 6, 6, 11, 11, 8, 13, 17, 17, 17, 17, 11, 6, 6, 19, 22, 20, 6]
[0, 5, 5, 5, 1, 1]
[0, 1, 4, 2, 1]
[0, 1, 4, 2, 1]
[0, 1, 4, 2, 1]
[0, 1, 4, 2, 1]
[0, 1, 4, 2, 1]
[0, 1, 4, 2, 1, 1, 10, 10, 10, 6, 1]
[0, 4, 4, 1, 4, 9, 9, 9, 5, 11, 1, 11, 11, 15, 18, 15, 18, 13, 11, 1, 24, 24, 24, 27, 24, 27, 20, 1]
[6, 6, 6, 6, 6, 0, 6, 6, 13, 13, 13, 13, 8, 8, 18, 18, 18, 21, 18, 21, 14, 6]
[6, 6, 6, 6, 6, 0, 6, 6, 11, 11, 8, 6]
[0, 5, 5, 5, 1, 1, 10, 10, 10, 13, 10, 13, 6, 1]
[0, 5, 5, 5, 1, 1]
[0, 4, 4, 1, 1, 8, 8, 5, 1, 1, 10, 13, 11, 1]
[0, 7, 7, 7, 7, 7, 1, 1, 1, 9, 12, 10, 1]
[0, 5, 5, 5, 1, 1]
[0, 6, 6, 6, 6, 1, 1, 1, 11, 11, 8, 8, 15, 15, 12, 1, 1, 17, 20, 18, 1]
[0, 7, 7, 7, 7, 7, 1, 7, 13, 13, 13, 13, 7, 1, 1, 15, 18, 16, 1]
[0, 5, 5, 5, 1, 1]
[12, 6, 6, 6, 6, 12, 12, 12, 12, 12, 12, 15, 15, 15, 0, 15, 18, 16, 15, 22, 22, 15, 22, 22, 24, 31, 31, 31, 28, 31, 25, 31, 15]
[12, 6, 6, 6, 6, 12, 12, 12, 12, 12, 12, 15, 15, 15, 0, 15, 18, 16, 15, 22, 22, 15, 22, 22, 24, 31, 31, 31, 28, 31, 25, 31, 15]
[12, 6, 6, 6, 6, 12, 12, 12, 12, 12, 12, 15, 15, 15, 0, 15, 18, 16, 15, 22, 22, 15, 22, 22, 24, 31, 31, 31, 28, 31, 25, 31, 15]
[12, 6, 6, 6, 6, 12, 12, 12, 12, 12, 12, 15, 15, 15, 0, 15, 18, 16, 15, 22, 22, 15, 22, 22, 24, 31, 31, 31, 28, 31, 25, 31, 15]
[12, 6, 6, 6, 6, 12, 12, 12, 12, 12, 12, 15, 15, 15, 0, 15, 18, 16, 15, 22, 22, 15, 22, 22, 24, 31, 31, 31, 28, 31, 25, 31, 15]
[12, 6, 6, 6, 6, 12, 12, 12, 12, 12, 12, 15, 15, 15, 0, 15, 18, 16, 15, 15, 24, 24, 24, 20, 15, 28, 28, 15, 28, 28, 30, 37, 37, 37, 34, 37, 31, 37, 15]
[0, 4, 4, 1, 4, 9, 9, 9, 5, 11, 1, 11, 11, 15, 18, 15, 18, 13, 11, 1, 24, 24, 24, 27, 24, 27, 20, 1, 1, 33, 33, 33, 29, 29, 37, 37, 34, 1]
[0, 5, 5, 5, 1, 1, 10, 10, 10, 13, 10, 13, 6, 1, 1, 19, 19, 19, 15, 15, 23, 23, 20, 1]
[0, 7, 7, 7, 7, 7, 1, 7, 13, 13, 13, 13, 7, 7, 7, 18, 18, 7, 18, 19, 20, 23, 21, 23, 27, 27, 24, 29, 18, 31, 29, 34, 34, 31, 34, 37, 35, 29, 1, 1, 40, 43, 41, 1]
[0, 5, 5, 5, 1, 1]
[0, 4, 4, 1, 1, 8, 8, 5, 1, 1, 10, 13, 11, 1]
[0, 7, 7, 7, 7, 7, 1, 1, 1, 9, 12, 10, 1]
[0, 5, 5, 5, 1, 1]
[0, 6, 6, 6, 6, 1, 1, 1, 11, 11, 8, 8, 15, 15, 12, 1, 1, 17, 20, 18, 1]
[0, 7, 7, 7, 7, 7, 1, 7, 13, 13, 13, 13, 7, 1, 1, 15, 18, 16, 1]
[0, 5, 5, 5, 1, 1]
[12, 6, 6, 6, 6, 12, 12, 12, 12, 12, 12, 15, 15, 15, 0, 15, 18, 16, 15, 22, 22, 15, 22, 22, 24, 31, 31, 31, 28, 31, 25, 31, 15]
[12, 6, 6, 6, 6, 12, 12, 12, 12, 12, 12, 15, 15, 15, 0, 15, 18, 16, 15, 22, 22, 15, 22, 22, 24, 31, 31, 31, 28, 31, 25, 31, 15]
[12, 6, 6, 6, 6, 12, 12, 12, 12, 12, 12, 15, 15, 15, 0, 15, 18, 16, 15, 22, 22, 15, 22, 22, 24, 31, 31, 31, 28, 31, 25, 31, 15]
[12, 6, 6, 6, 6, 12, 12, 12, 12, 12, 12, 15, 15, 15, 0, 15, 18, 16, 15, 22, 22, 15, 22, 22, 24, 31, 31, 31, 28, 31, 25, 31, 15]
[12, 6, 6, 6, 6, 12, 12, 12, 12, 12, 12, 15, 15, 15, 0, 15, 18, 16, 15, 22, 22, 15, 22, 22, 24, 31, 31, 31, 28, 31, 25, 31, 15]
[12, 6, 6, 6, 6, 12, 12, 12, 12, 12, 12, 15, 15, 15, 0, 15, 18, 16, 15, 15, 24, 24, 24, 20, 15, 28, 28, 15, 28, 28, 30, 37, 37, 37, 34, 37, 31, 37, 15]
[0, 4, 4, 1, 4, 9, 9, 9, 5, 11, 1, 11, 11, 15, 18, 15, 18, 13, 11, 1, 24, 24, 24, 27, 24, 27, 20, 1, 1, 33, 33, 33, 29, 29, 37, 37, 34, 1]
[0, 5, 5, 5, 1, 1, 10, 10, 10, 13, 10, 13, 6, 1, 1, 19, 19, 19, 15, 15, 23, 23, 20, 1]
[0, 7, 7, 7, 7, 7, 1, 7, 13, 13, 13, 13, 7, 7, 7, 18, 18, 7, 18, 19, 20, 23, 21, 23, 27, 27, 24, 29, 18, 31, 29, 34, 34, 31, 34, 37, 35, 29, 1, 1, 40, 43, 41, 1]
[0, 5, 5, 5, 1, 1]
[0, 4, 4, 1, 1, 8, 8, 5, 1, 1, 10, 13, 11, 1]
[0, 1, 4, 2, 1, 1, 12, 12, 12, 12, 12, 6, 12, 19, 19, 19, 19, 19, 12, 1]
[0, 7, 7, 7, 7, 7, 1, 1, 1, 9, 12, 10, 1]
[0, 5, 5, 5, 1, 1]
[0, 6, 6, 6, 6, 1, 1, 1, 11, 11, 8, 8, 15, 15, 12, 1, 1, 17, 20, 18, 1]
[0, 7, 7, 7, 7, 7, 1, 7, 13, 13, 13, 13, 7, 1, 1, 15, 18, 16, 1]
[0, 5, 5, 5, 1, 1]
[12, 6, 6, 6, 6, 12, 12, 12, 12, 12, 12, 15, 15, 15, 0, 15, 18, 16, 15, 22, 22, 15, 22, 22, 24, 31, 31, 31, 28, 31, 25, 31, 15]
[12, 6, 6, 6, 6, 12, 12, 12, 12, 12, 12, 15, 15, 15, 0, 15, 18, 16, 15, 22, 22, 15, 22, 22, 24, 31, 31, 31, 28, 31, 25, 31, 15]
[12, 6, 6, 6, 6, 12, 12, 12, 12, 12, 12, 15, 15, 15, 0, 15, 18, 16, 15, 22, 22, 15, 22, 22, 24, 31, 31, 31, 28, 31, 25, 31, 15]
[12, 6, 6, 6, 6, 12, 12, 12, 12, 12, 12, 15, 15, 15, 0, 15, 18, 16, 15, 22, 22, 15, 22, 22, 24, 31, 31, 31, 28, 31, 25, 31, 15]
[12, 6, 6, 6, 6, 12, 12, 12, 12, 12, 12, 15, 15, 15, 0, 15, 18, 16, 15, 22, 22, 15, 22, 22, 24, 31, 31, 31, 28, 31, 25, 31, 15]
[12, 6, 6, 6, 6, 12, 12, 12, 12, 12, 12, 15, 15, 15, 0, 15, 18, 16, 15, 15, 24, 24, 24, 20, 15, 28, 28, 15, 28, 28, 30, 37, 37, 37, 34, 37, 31, 37, 15]
[0, 4, 4, 1, 4, 9, 9, 9, 5, 11, 1, 11, 11, 15, 18, 15, 18, 13, 11, 1, 24, 24, 24, 27, 24, 27, 20, 1, 1, 33, 33, 33, 29, 29, 37, 37, 34, 1]
[0, 5, 5, 5, 1, 1, 10, 10, 10, 13, 10, 13, 6, 1, 1, 19, 19, 19, 15, 15, 23, 23, 20, 1]
[0, 7, 7, 7, 7, 7, 1, 7, 13, 13, 13, 13, 7, 7, 7, 18, 18, 7, 18, 19, 20, 23, 21, 23, 27, 27, 24, 29, 18, 31, 29, 34, 34, 31, 34, 37, 35, 29, 1, 1, 40, 43, 41, 1]
[0, 5, 5, 5, 1, 1]
[0, 1, 4, 2, 1, 1, 11, 11, 11, 11, 6, 1]
[0, 1, 4, 2, 1]
[0, 5, 5, 5, 1, 1]
[0, 1, 4, 2, 1, 1, 11, 11, 11, 11, 6, 1]
[0, 1, 4, 2, 1]
[0, 5, 5, 5, 1, 1]
[0, 1, 4, 2, 1, 1, 11, 11, 11, 11, 6, 1]
[0, 1, 4, 2, 1]
[6, 6, 6, 6, 6, 0, 6, 6, 14, 14, 14, 14, 14, 8, 6]
[6, 6, 6, 6, 6, 0, 6, 6, 11, 11, 8, 6]
[0, 5, 5, 5, 1, 1, 9, 9, 6, 1]
[0, 5, 5, 5, 1, 1]
[0, 1, 4, 2, 1, 1, 11, 11, 11, 11, 6, 1]
[0, 1, 4, 2, 1]
[6, 6, 6, 6, 6, 0, 6, 6, 8, 11, 9, 6, 6, 19, 19, 19, 19, 19, 13, 6]
[6, 6, 6, 6, 6, 0, 6, 6, 11, 11, 8, 6]
[0, 1, 4, 2, 1, 1, 10, 10, 10, 6, 6, 14, 14, 11, 1]
[0, 5, 5, 5, 1, 1]
[0, 6, 6, 6, 6, 1, 1]
[0, 1, 4, 2, 1]
[0, 1, 4, 2, 1, 1, 12, 12, 12, 12, 12, 6, 1]
[6, 6, 6, 6, 6, 0, 6, 6, 8, 11, 9, 6, 6, 19, 19, 19, 19, 19, 13, 6]
[6, 6, 6, 6, 6, 0, 6, 6, 11, 11, 8, 6]
[0, 1, 4, 2, 1, 1, 10, 10, 10, 6, 6, 14, 14, 11, 1]
[0, 5, 5, 5, 1, 1]
[0, 4, 4, 1, 1, 8, 8, 5, 1, 1, 10, 13, 11, 1]
[0, 4, 4, 1, 1, 8, 8, 5, 1, 1, 16, 16, 16, 16, 16, 10, 1, 1, 18, 21, 19, 1]
[0, 7, 7, 7, 7, 7, 1, 1, 1, 9, 12, 10, 1]
[0, 5, 5, 5, 1, 1]
[0, 6, 6, 6, 6, 1, 1, 1, 11, 11, 8, 8, 15, 15, 12, 1, 1, 17, 20, 18, 1]
[0, 7, 7, 7, 7, 7, 1, 7, 13, 13, 13, 13, 7, 1, 1, 15, 18, 16, 1]
[0, 5, 5, 5, 1, 1]
[12, 6, 6, 6, 6, 12, 12, 12, 12, 12, 12, 15, 15, 15, 0, 15, 18, 16, 15, 22, 22, 15, 22, 22, 24, 31, 31, 31, 28, 31, 25, 31, 15]
[12, 6, 6, 6, 6, 12, 12, 12, 12, 12, 12, 15, 15, 15, 0, 15, 18, 16, 15, 22, 22, 15, 22, 22, 24, 31, 31, 31, 28, 31, 25, 31, 15]
[12, 6, 6, 6, 6, 12, 12, 12, 12, 12, 12, 15, 15, 15, 0, 15, 18, 16, 15, 22, 22, 15, 22, 22, 24, 31, 31, 31, 28, 31, 25, 31, 15]
[12, 6, 6, 6, 6, 12, 12, 12, 12, 12, 12, 15, 15, 15, 0, 15, 18, 16, 15, 22, 22, 15, 22, 22, 24, 31, 31, 31, 28, 31, 25, 31, 15]
[12, 6, 6, 6, 6, 12, 12, 12, 12, 12, 12, 15, 15, 15, 0, 15, 18, 16, 15, 22, 22, 15, 22, 22, 24, 31, 31, 31, 28, 31, 25, 31, 15]
[12, 6, 6, 6, 6, 12, 12, 12, 12, 12, 12, 15, 15, 15, 0, 15, 18, 16, 15, 15, 24, 24, 24, 20, 15, 28, 28, 15, 28, 28, 30, 37, 37, 37, 34, 37, 31, 37, 15]
[0, 4, 4, 1, 4, 9, 9, 9, 5, 11, 1, 11, 11, 15, 18, 15, 18, 13, 11, 1, 24, 24, 24, 27, 24, 27, 20, 1, 1, 33, 33, 33, 29, 29, 37, 37, 34, 1]
[0, 5, 5, 5, 1, 1, 10, 10, 10, 13, 10, 13, 6, 1, 1, 19, 19, 19, 15, 15, 23, 23, 20, 1]
[0, 7, 7, 7, 7, 7, 1, 7, 13, 13, 13, 13, 7, 7, 7, 18, 18, 7, 18, 19, 20, 23, 21, 23, 27, 27, 24, 29, 18, 31, 29, 34, 34, 31, 34, 37, 35, 29, 1, 1, 40, 43, 41, 1]
[0, 5, 5, 5, 1, 1]
[9, 4, 4, 9, 9, 9, 9, 9, 13, 9, 13, 13, 0, 13, 16, 14, 13, 20, 20, 13, 20, 23, 21, 13, 13, 29, 29, 29, 25, 25, 33, 33, 30, 13]
[9, 4, 4, 9, 9, 9, 9, 9, 13, 9, 13, 13, 0, 13, 16, 14, 13, 20, 20, 13, 20, 23, 21, 13, 13, 29, 29, 29, 25, 25, 33, 33, 30, 13]
[9, 4, 4, 9, 9, 9, 9, 9, 13, 9, 13, 13, 0, 13, 16, 14, 13, 20, 20, 13, 20, 23, 21, 13, 13, 29, 29, 29, 25, 25, 33, 33, 30, 13]
[9, 4, 4, 9, 9, 9, 9, 9, 13, 9, 13, 13, 0, 13, 16, 14, 13, 20, 20, 13, 20, 23, 21, 13, 13, 29, 29, 29, 25, 25, 33, 33, 30, 13]
[9, 4, 4, 9, 9, 9, 9, 9, 13, 9, 13, 13, 0, 13, 16, 14, 13, 20, 20, 13, 20, 23, 21, 13, 13, 29, 29, 29, 25, 25, 33, 33, 30, 13]
[9, 4, 4, 9, 9, 9, 9, 9, 13, 9, 13, 13, 0, 13, 16, 14, 13, 20, 20, 13, 20, 23, 21, 13, 13, 29, 29, 29, 25, 25, 33, 33, 30, 13]
[0, 4, 4, 1, 4, 9, 9, 9, 5, 11, 1, 11, 11, 15, 18, 15, 18, 13, 11, 1, 23, 23, 20, 1, 1, 29, 29, 29, 25, 25, 33, 33, 30, 1]
[0, 5, 5, 5, 1, 1, 9, 9, 6, 1, 1, 15, 15, 15, 11, 11, 19, 19, 16, 1]
[0, 1, 4, 2, 1]
[0, 5, 5, 5, 1, 1]
[0, 1, 4, 2, 1, 1, 11, 11, 11, 11, 6, 1]
[0, 1, 4, 2, 1, 1, 12, 12, 12, 12, 12, 6, 1]
[6, 6, 6, 6, 6, 0, 6, 6, 14, 14, 14, 14, 14, 8, 6]
[6, 6, 6, 6, 6, 0, 6, 6, 11, 11, 8, 6]
[0, 5, 5, 5, 1, 1, 9, 9, 6, 1]
[0, 5, 5, 5, 1, 1]
[0, 1, 4, 2, 1, 1, 11, 11, 11, 11, 6, 1]
[0, 1, 4, 2, 1, 1, 12, 12, 12, 12, 12, 6, 1]
[6, 6, 6, 6, 6, 0, 6, 6, 8, 11, 9, 6, 6, 19, 19, 19, 19, 19, 13, 6]
[6, 6, 6, 6, 6, 0, 6, 6, 11, 11, 8, 6]
[0, 1, 4, 2, 1, 1, 10, 10, 10, 6, 6, 14, 14, 11, 1]
[0, 5, 5, 5, 1, 1]
[0, 6, 6, 6, 6, 1, 1]
[0, 1, 4, 2, 1, 1, 12, 12, 12, 12, 12, 6, 1]
[0, 1, 4, 2, 1, 1, 12, 12, 12, 12, 12, 6, 1]
[6, 6, 6, 6, 6, 0, 6, 6, 8, 11, 9, 6, 6, 19, 19, 19, 19, 19, 13, 6]
[6, 6, 6, 6, 6, 0, 6, 6, 11, 11, 8, 6]
[0, 1, 4, 2, 1, 1, 10, 10, 10, 6, 6, 14, 14, 11, 1]
[0, 5, 5, 5, 1, 1]
[0, 4, 4, 1, 1, 8, 8, 5, 1, 1, 10, 13, 11, 1, 1, 20, 20, 20, 20, 15, 1]
[0, 1, 4, 2, 1]
[0, 5, 5, 5, 1, 1]
[9, 4, 4, 9, 9, 9, 9, 9, 13, 9, 13, 13, 0, 13, 16, 14, 13, 20, 20, 13, 20, 23, 21, 13, 13, 29, 29, 29, 25, 25, 33, 33, 30, 13]
[9, 4, 4, 9, 9, 9, 9, 9, 13, 9, 13, 13, 0, 13, 16, 14, 13, 20, 20, 13, 20, 23, 21, 13, 13, 29, 29, 29, 25, 25, 33, 33, 30, 13]
[9, 4, 4, 9, 9, 9, 9, 9, 13, 9, 13, 13, 0, 13, 16, 14, 13, 20, 20, 13, 20, 23, 21, 13, 13, 29, 29, 29, 25, 25, 33, 33, 30, 13]
[9, 4, 4, 9, 9, 9, 9, 9, 13, 9, 13, 13, 0, 13, 16, 14, 13, 20, 20, 13, 20, 23, 21, 13, 13, 29, 29, 29, 25, 25, 33, 33, 30, 13]
[9, 4, 4, 9, 9, 9, 9, 9, 13, 9, 13, 13, 0, 13, 16, 14, 13, 20, 20, 13, 20, 23, 21, 13, 13, 29, 29, 29, 25, 25, 33, 33, 30, 13]
[9, 4, 4, 9, 9, 9, 9, 9, 13, 9, 13, 13, 0, 13, 16, 14, 13, 20, 20, 13, 20, 23, 21, 13, 13, 29, 29, 29, 25, 25, 33, 33, 30, 13]
[0, 4, 4, 1, 4, 9, 9, 9, 5, 11, 1, 11, 11, 15, 18, 15, 18, 13, 11, 1, 23, 23, 20, 1, 1, 29, 29, 29, 25, 25, 33, 33, 30, 1]
[0, 5, 5, 5, 1, 1, 9, 9, 6, 1, 1, 15, 15, 15, 11, 11, 19, 19, 16, 1]
[0, 1, 4, 2, 1]
[0, 5, 5, 5, 1, 1]
[0, 3, 1, 1]
[0, 3, 1, 1]
[0, 3, 1, 1]
[0, 3, 1, 1]
[0, 1, 4, 2, 1]
[0, 1, 4, 2, 1]
[0, 1, 4, 2, 1]
[6, 6, 6, 6, 6, 0, 6, 6, 11, 11, 8, 8, 16, 16, 16, 12, 8, 8, 20, 22, 20, 18, 18, 27, 27, 27, 23, 18, 18, 31, 18, 31, 35, 35, 32, 6, 6, 37, 40, 38, 6]
[0, 4, 4, 1, 1, 9, 9, 9, 5, 1, 1, 14, 14, 11, 14, 14, 11, 20, 20, 17, 1, 1, 22, 25, 23, 1]
[0, 5, 5, 5, 1, 1]
[0, 1, 4, 2, 1]
[0, 1, 4, 2, 1]
[0, 1, 4, 2, 1]
[0, 1, 4, 2, 1]
[0, 1, 4, 2, 1]
[0, 1, 4, 2, 1]
[0, 1, 4, 2, 1]
[0, 1, 4, 2, 1]
[0, 4, 4, 1, 4, 9, 9, 9, 5, 11, 1, 11, 11, 15, 18, 15, 18, 13, 11, 1, 23, 23, 25, 23, 20, 1]
[6, 6, 6, 6, 6, 0, 6, 6, 13, 13, 13, 13, 8, 8, 17, 17, 19, 17, 14, 6]
[6, 6, 6, 6, 6, 0, 6, 6, 8, 8, 10, 17, 17, 17, 14, 17, 11, 17, 6]
[6, 6, 6, 6, 6, 0, 6, 6, 8, 8, 10, 17, 17, 17, 14, 17, 11, 17, 6]
[6, 6, 6, 6, 6, 0, 6, 6, 8, 8, 10, 17, 17, 17, 14, 17, 11, 17, 6]
[0, 5, 5, 5, 1, 1, 9, 9, 11, 9, 6, 1]
[0, 5, 5, 5, 1, 1]
[0, 3, 1, 1]
[0, 3, 1, 1]
[0, 3, 1, 1]
[0, 3, 1, 1]
[0, 1, 4, 2, 1]
[0, 1, 4, 2, 1]
[0, 1, 4, 2, 1, 1, 10, 10, 10, 6, 1]
[6, 6, 6, 6, 6, 0, 6, 6, 11, 11, 8, 6]
[0, 4, 4, 1, 1, 9, 9, 9, 5, 1, 1, 14, 14, 11, 14, 14, 11, 20, 20, 17, 1, 1, 22, 25, 23, 1]
[0, 5, 5, 5, 1, 1]
[0, 3, 1, 1]
[0, 3, 1, 1]
[0, 3, 1, 1]
[0, 3, 1, 1]
[0, 1, 4, 2, 1]
[0, 1, 4, 2, 1]
[6, 6, 6, 6, 6, 0, 6, 6, 8, 11, 9, 6, 6, 17, 17, 17, 13, 6]
[0, 1, 4, 2, 1]
[0, 5, 5, 5, 1, 1]
[0, 1, 4, 2, 1]
[0, 4, 4, 1, 1, 7, 5, 1, 1, 9, 12, 10, 1]
[6, 6, 6, 6, 6, 0, 6, 6, 13, 13, 13, 13, 8, 8, 17, 17, 19, 17, 14, 6]
[6, 6, 6, 6, 6, 0, 6, 6, 11, 11, 8, 6]
[0, 5, 5, 5, 1, 1, 9, 9, 11, 9, 6, 1]
[0, 5, 5, 5, 1, 1]
[0, 1, 4, 2, 1]
[0, 4, 4, 1, 1, 7, 5, 1, 1, 9, 12, 10, 1]
[6, 6, 6, 6, 6, 0, 6, 6, 13, 13, 13, 13, 8, 8, 17, 17, 19, 17, 14, 6]
[6, 6, 6, 6, 6, 0, 6, 6, 11, 11, 8, 6]
[0, 5, 5, 5, 1, 1, 9, 9, 11, 9, 6, 1]
[0, 5, 5, 5, 1, 1]
[0, 1, 4, 2, 1]
[0, 1, 4, 2, 1]
[0, 1, 4, 2, 1]
[0, 1, 4, 2, 1]
[0, 4, 4, 1, 1, 7, 5, 1, 1, 9, 12, 10, 1]
[0, 1, 4, 2, 1, 1, 10, 10, 10, 6, 1]
[6, 6, 6, 6, 6, 0, 6, 6, 13, 13, 13, 13, 8, 8, 17, 17, 19, 17, 14, 6]
[6, 6, 6, 6, 6, 0, 6, 6, 8, 8, 10, 17, 17, 17, 14, 17, 11, 17, 6]
[6, 6, 6, 6, 6, 0, 6, 6, 8, 8, 10, 17, 17, 17, 14, 17, 11, 17, 6]
[6, 6, 6, 6, 6, 0, 6, 6, 8, 8, 10, 17, 17, 17, 14, 17, 11, 17, 6]
[6, 6, 6, 6, 6, 0, 6, 6, 8, 8, 10, 17, 17, 17, 14, 17, 11, 17, 6]
[6, 6, 6, 6, 6, 0, 6, 6, 8, 8, 10, 17, 17, 17, 14, 17, 11, 17, 6]
[6, 6, 6, 6, 6, 0, 6, 6, 11, 11, 8, 6]
[0, 5, 5, 5, 1, 1, 9, 9, 11, 9, 6, 1]
[0, 5, 5, 5, 1, 1]
[0, 1, 4, 2, 1]
[0, 1, 4, 2, 1]
[0, 1, 4, 2, 1]
[0, 1, 4, 2, 1]
[0, 1, 4, 2, 1]
[0, 1, 4, 2, 1, 1, 10, 10, 10, 6, 1]
[6, 6, 6, 6, 6, 0, 6, 6, 11, 11, 8, 6]
[6, 6, 6, 6, 6, 0, 6, 6, 8, 11, 9, 6]
[0, 5, 5, 5, 1, 1]
[0, 4, 4, 1, 4, 9, 9, 9, 5, 1, 1, 11, 14, 12, 1, 1, 20, 20, 20, 16, 1]
[6, 6, 6, 6, 6, 0, 6, 6, 11, 11, 8, 6]
[6, 6, 6, 6, 6, 0, 6, 6, 8, 11, 9, 6]
[0, 5, 5, 5, 1, 1]
[0, 1, 4, 2, 1, 1, 9, 9, 6, 1]
[0, 3, 1, 1, 1, 8, 8, 5, 1]
[6, 6, 6, 6, 6, 0, 6, 6, 13, 13, 13, 13, 8, 8, 17, 17, 19, 17, 14, 6]
[0, 5, 5, 5, 1, 1, 9, 9, 11, 9, 6, 1]
[6, 5, 5, 5, 6, 0, 6]
[0, 4, 4, 1, 1, 1, 9, 9, 6, 11, 15, 15, 15, 15, 9, 1, 1, 1, 18, 21, 19, 1]
[0, 3, 1, 1, 1, 5, 8, 6, 1]
[0, 3, 1, 1, 7, 7, 24, 11, 11, 11, 7, 7, 17, 17, 17, 17, 7, 17, 21, 21, 18, 24, 24, 1, 24, 27, 25, 24, 24, 24, 24, 36, 36, 36, 36, 1, 36, 36, 41, 41, 38, 43, 51, 51, 51, 51, 51, 51, 51, 51, 41, 36, 36, 53, 56, 54, 1]
[6, 6, 6, 6, 6, 0, 6, 6, 11, 11, 8, 13, 17, 17, 17, 17, 11, 6, 6, 19, 22, 20, 26, 26, 26, 19, 26, 26, 31, 31, 28, 26, 6]
[0, 5, 5, 5, 1, 1]
[0, 1, 4, 2, 1]
[6, 6, 6, 6, 6, 0, 6, 6, 8, 11, 9, 6, 6, 16, 16, 13, 6]
[0, 1, 4, 2, 1]
[0, 5, 5, 5, 1, 1]
[0, 1, 4, 2]
[6, 6, 6, 6, 6, 0, 6, 6, 8, 11, 9, 6, 6, 16, 16, 13, 6]
[6, 6, 6, 6, 6, 0, 6, 6, 11, 11, 8, 6, 6, 16, 16, 13, 6]
[0, 5, 5, 5, 1, 7, 5, 7, 1, 12, 12, 14, 12, 9, 1, 1, 16, 19, 17, 1]
[0, 5, 5, 5, 1, 1]
[0, 5, 5, 5, 1, 1, 9, 9, 11, 9, 6, 1, 1, 13, 16, 14, 1]
[0, 1, 4, 2, 1]
[6, 6, 6, 6, 6, 0, 6, 6, 13, 13, 13, 13, 8, 8, 17, 17, 19, 17, 14, 6]
[6, 6, 6, 6, 6, 0, 6, 6, 11, 11, 8, 6, 6, 16, 16, 13, 6]
[0, 5, 5, 5, 1, 1, 9, 9, 11, 9, 6, 1]
[0, 5, 5, 5, 1, 1]
[0, 5, 5, 5, 1, 1, 9, 9, 11, 9, 6, 1, 1, 13, 16, 14, 1]
[0, 5, 5, 5, 1, 1, 9, 9, 11, 9, 6, 1]
[0, 1, 4, 2, 1]
[0, 5, 5, 5, 1, 1]
[0, 1, 4, 2, 1]
[0, 1, 4, 2, 1]
[0, 5, 5, 5, 1, 1]
[0, 1, 4, 2, 1]
[0, 1, 4, 2, 1]
[0, 5, 5, 5, 1, 1]
[0, 1, 4, 2, 1]
[0, 1, 4, 2, 1]
[6, 6, 6, 6, 6, 0, 6, 6, 8, 11, 9, 6]
[0, 5, 5, 5, 1, 1]
[0, 1, 4, 2]
[6, 6, 6, 6, 6, 0, 6, 6, 11, 11, 8, 6, 6, 16, 16, 13, 6]
[0, 5, 5, 5, 1, 7, 5, 7, 1, 12, 12, 14, 12, 9, 1, 1, 16, 19, 17, 1]
[0, 5, 5, 5, 1, 1]
[0, 1, 4, 2, 1, 1, 9, 9, 6, 1]
[0, 1, 4, 2, 1]
[0, 5, 5, 5, 1, 7, 5, 7, 1, 12, 12, 14, 12, 9, 1]
[6, 6, 6, 6, 6, 0, 6, 6, 11, 11, 8, 6, 6, 16, 16, 13, 6]
[0, 5, 5, 5, 1, 7, 5, 7, 1, 12, 12, 14, 12, 9, 1, 1, 16, 19, 17, 1]
[0, 5, 5, 5, 1, 1]
[0, 5, 5, 5, 1, 7, 5, 7, 5, 14, 14, 14, 14, 5, 16, 14, 16, 1, 21, 21, 23, 21, 18, 1, 1, 25, 28, 26, 1]
[6, 6, 6, 6, 6, 0, 6, 6, 8, 11, 9, 6, 6, 16, 16, 13, 6]
[6, 6, 6, 6, 6, 0, 6, 6, 11, 11, 8, 6, 6, 16, 16, 13, 6]
[0, 5, 5, 5, 1, 7, 5, 7, 5, 14, 14, 14, 14, 5, 16, 14, 16, 1, 21, 21, 23, 21, 18, 1, 1, 25, 28, 26, 1]
[0, 5, 5, 5, 1, 1]
[0, 1, 4, 2, 1]
[0, 1, 4, 2, 1]
[0, 1, 4, 2, 1]
[0, 1, 4, 2, 1]
[0, 1, 4, 2, 1]
[6, 6, 6, 6, 6, 0, 6, 6, 12, 12, 12, 8, 8, 8, 16, 14, 16, 14, 18, 8, 8, 23, 21, 6, 6, 28, 28, 25, 6]
[6, 6, 6, 6, 6, 0, 6, 6, 8, 11, 9, 6]
[0, 5, 5, 5, 1, 1]
[0, 3, 1, 1]
[0, 3, 1, 1]
[0, 3, 1, 1]
[0, 3, 1, 1]
[0, 5, 5, 5, 1, 1, 1, 9, 11, 9, 7, 7, 15, 15, 12, 15, 20, 20, 20, 16, 22, 7, 22, 22, 26, 29, 26, 29, 24, 22, 1, 1, 32, 35, 33, 1]
[6, 6, 6, 6, 6, 0, 6, 6, 12, 12, 12, 8, 8, 8, 16, 18, 16, 14, 14, 24, 24, 24, 24, 19, 6, 6, 26, 29, 27, 6]
[6, 6, 6, 6, 6, 0, 6, 6, 12, 12, 12, 8, 8, 8, 16, 14, 16, 14, 18, 8, 8, 21, 24, 22, 6, 6, 28, 26, 6]
[6, 6, 6, 6, 6, 0, 6, 6, 12, 12, 12, 8, 8, 8, 16, 14, 16, 14, 18, 8, 8, 23, 21, 6, 6, 28, 28, 25, 6]
[0, 5, 5, 5, 1, 1, 1, 9, 11, 9, 7, 7, 16, 16, 16, 12, 1, 1, 18, 21, 19, 1]
[0, 5, 5, 5, 1, 1]
[0, 1, 4, 2, 1]
[0, 1, 4, 2, 1]
[0, 1, 4, 2, 1]
[0, 1, 4, 2, 1]
[0, 1, 4, 2, 1, 1, 10, 10, 10, 6, 1]
[0, 4, 4, 1, 4, 9, 9, 9, 5, 11, 1, 11, 11, 15, 18, 15, 18, 13, 11, 1, 24, 24, 24, 26, 24, 20, 1]
[6, 6, 6, 6, 6, 0, 6, 6, 13, 13, 13, 13, 8, 8, 18, 18, 18, 20, 18, 14, 6]
[6, 6, 6, 6, 6, 0, 6, 6, 11, 11, 13, 11, 8, 13, 8, 15, 6, 6, 21, 21, 18, 6, 6, 26, 26, 23, 6]
[0, 5, 5, 5, 1, 1, 10, 10, 10, 12, 10, 6, 1]
[0, 5, 5, 5, 1, 1]
[0, 3, 1, 1]
[0, 3, 1, 1]
[0, 3, 1, 1]
[0, 3, 1, 1]
[0, 1, 4, 2, 1, 1, 10, 10, 10, 6, 1]
[6, 6, 6, 6, 6, 0, 6, 6, 11, 11, 13, 11, 8, 13, 8, 15, 6, 6, 21, 21, 18, 6, 6, 26, 26, 23, 6]
[15, 4, 4, 15, 4, 5, 10, 10, 10, 6, 15, 15, 15, 15, 24, 15, 18, 16, 18, 18, 18, 24, 24, 0, 26, 24, 24, 24, 28, 31, 29, 24, 24, 24, 49, 38, 38, 49, 38, 39, 44, 44, 44, 40, 49, 49, 49, 49, 24, 49, 54, 54, 54, 50, 54, 24, 24, 24, 60, 58, 58, 58, 62, 65, 63, 24, 24, 24, 24, 74, 74, 74, 74, 24, 24, 24, 79, 79, 81, 79, 76, 81, 76, 83, 24, 24, 86, 89, 87, 24]
[0, 5, 5, 5, 1, 1]
[0, 1, 4, 2, 1]
[0, 1, 4, 2, 1]
[0, 1, 4, 2, 1]
[0, 1, 4, 2, 1]
[6, 6, 6, 6, 6, 0, 6, 6, 11, 11, 14, 11, 14, 8, 8, 18, 18, 15, 21, 21, 18, 21, 8, 8, 8, 25, 28, 26, 6]
[6, 6, 6, 6, 6, 0, 6, 6, 11, 11, 14, 11, 14, 8, 8, 18, 18, 15, 21, 21, 18, 21, 8, 8, 8, 25, 28, 26, 6]
[6, 6, 6, 6, 6, 0, 6, 6, 11, 11, 13, 11, 8, 13, 8, 15, 6, 6, 18, 21, 19, 6, 6, 26, 26, 23, 6]
[6, 6, 6, 6, 6, 0, 6, 6, 11, 11, 13, 11, 8, 13, 8, 15, 6, 6, 21, 21, 18, 6, 6, 26, 26, 23, 6]
[6, 6, 6, 6, 6, 0, 6, 6, 11, 11, 13, 11, 8, 13, 8, 15, 6, 6, 18, 21, 19, 6]
[0, 5, 5, 5, 1, 1]
[0, 3, 1, 1]
[0, 3, 1, 1]
[0, 3, 1, 1]
[0, 3, 1, 1]
[0, 4, 4, 7, 4, 7, 1, 1, 11, 11, 8, 14, 14, 11, 14, 1, 1, 1, 18, 21, 19, 1]
[0, 4, 4, 7, 4, 7, 1, 1, 11, 11, 8, 14, 14, 11, 14, 1, 1, 1, 18, 21, 19, 1]
[6, 6, 6, 6, 6, 0, 6, 6, 11, 11, 13, 11, 8, 13, 8, 15, 6, 6, 18, 21, 19, 6, 6, 26, 26, 23, 6]
[6, 6, 6, 6, 6, 0, 6, 6, 11, 11, 13, 11, 8, 13, 8, 15, 6, 6, 21, 21, 18, 6, 6, 26, 26, 23, 6]
[6, 6, 6, 6, 6, 0, 6, 6, 11, 11, 13, 11, 8, 13, 8, 15, 6, 6, 18, 21, 19, 6]
[0, 5, 5, 5, 1, 1]
[0, 1, 4, 2, 1]
[6, 6, 6, 6, 6, 0, 6, 6, 13, 13, 13, 13, 8, 8, 18, 18, 18, 21, 18, 21, 14, 6]
[6, 6, 6, 6, 6, 0, 6, 6, 11, 11, 13, 11, 8, 13, 8, 15, 6, 6, 18, 21, 19, 6, 6, 26, 26, 23, 6]
[6, 6, 6, 6, 6, 0, 6, 6, 11, 11, 13, 11, 8, 13, 8, 15, 6, 6, 21, 21, 18, 6, 6, 26, 26, 23, 6]
[0, 5, 5, 5, 1, 1, 10, 10, 10, 13, 10, 13, 6, 1]
[0, 5, 5, 5, 1, 1]
[0, 1, 4, 2, 1]
[6, 6, 6, 6, 6, 0, 6, 6, 13, 13, 13, 13, 8, 8, 18, 18, 18, 21, 18, 21, 14, 6]
[6, 6, 6, 6, 6, 0, 6, 6, 11, 11, 13, 11, 8, 13, 8, 15, 6, 6, 18, 21, 19, 6, 6, 26, 26, 23, 6]
[6, 6, 6, 6, 6, 0, 6, 6, 11, 11, 13, 11, 8, 13, 8, 15, 6, 6, 21, 21, 18, 6, 6, 26, 26, 23, 6]
[0, 5, 5, 5, 1, 1, 10, 10, 10, 13, 10, 13, 6, 1]
[0, 5, 5, 5, 1, 1]
[0, 1, 4, 2, 1]
[0, 1, 4, 2, 1]
[0, 1, 4, 2, 1]
[0, 1, 4, 2, 1]
[0, 1, 4, 2, 1, 1, 10, 10, 10, 6, 1]
[6, 6, 6, 6, 6, 0, 6, 6, 11, 11, 14, 11, 14, 8, 8, 18, 18, 15, 21, 21, 18, 21, 8, 8, 8, 25, 28, 26, 6]
[6, 6, 6, 6, 6, 0, 6, 6, 11, 11, 14, 11, 14, 8, 8, 18, 18, 15, 21, 21, 18, 21, 8, 8, 8, 25, 28, 26, 6]
[6, 6, 6, 6, 6, 0, 6, 6, 11, 11, 13, 11, 8, 13, 8, 15, 6, 6, 21, 21, 18, 6, 6, 26, 26, 23, 6]
[6, 6, 6, 6, 6, 0, 6, 6, 11, 11, 13, 11, 8, 13, 8, 15, 6, 6, 18, 21, 19, 6]
[0, 5, 5, 5, 1, 1]
[0, 3, 1, 1]
[0, 3, 1, 1]
[0, 3, 1, 1]
[0, 3, 1, 1]
[0, 1, 4, 2, 1, 1, 10, 10, 10, 6, 1]
[0, 4, 4, 7, 4, 7, 1, 1, 11, 11, 8, 14, 14, 11, 14, 1, 1, 1, 18, 21, 19, 1]
[0, 4, 4, 7, 4, 7, 1, 1, 11, 11, 8, 14, 14, 11, 14, 1, 1, 1, 18, 21, 19, 1]
[6, 6, 6, 6, 6, 0, 6, 6, 11, 11, 13, 11, 8, 13, 8, 15, 6, 6, 21, 21, 18, 6, 6, 26, 26, 23, 6]
[6, 6, 6, 6, 6, 0, 6, 6, 11, 11, 13, 11, 8, 13, 8, 15, 6, 6, 18, 21, 19, 6]
[0, 5, 5, 5, 1, 1]
[0, 1, 4, 2, 1]
[0, 1, 4, 2, 1]
[0, 1, 4, 2, 1]
[0, 1, 4, 2, 1]
[6, 6, 6, 6, 6, 0, 6, 6, 11, 11, 14, 11, 14, 8, 8, 18, 18, 15, 21, 21, 18, 21, 8, 8, 8, 25, 28, 26, 6]
[6, 6, 6, 6, 6, 0, 6, 6, 11, 11, 14, 11, 14, 8, 8, 18, 18, 15, 21, 21, 18, 21, 8, 8, 8, 25, 28, 26, 6]
[6, 6, 6, 6, 6, 0, 6, 6, 11, 11, 13, 11, 8, 13, 8, 15, 6, 6, 18, 21, 19, 6, 6, 26, 26, 23, 6]
[6, 6, 6, 6, 6, 0, 6, 6, 11, 11, 13, 11, 8, 13, 8, 15, 6, 6, 21, 21, 18, 6, 6, 26, 26, 23, 6]
[6, 6, 6, 6, 6, 0, 6, 6, 11, 11, 13, 11, 8, 13, 8, 15, 6, 6, 18, 21, 19, 6]
[0, 5, 5, 5, 1, 1]
[0, 3, 1, 1]
[0, 3, 1, 1]
[0, 3, 1, 1]
[0, 3, 1, 1]
[0, 4, 4, 7, 4, 7, 1, 1, 11, 11, 8, 14, 14, 11, 14, 1, 1, 1, 18, 21, 19, 1]
[0, 4, 4, 7, 4, 7, 1, 1, 11, 11, 8, 14, 14, 11, 14, 1, 1, 1, 18, 21, 19, 1]
[6, 6, 6, 6, 6, 0, 6, 6, 11, 11, 13, 11, 8, 13, 8, 15, 6, 6, 18, 21, 19, 6, 6, 26, 26, 23, 6]
[6, 6, 6, 6, 6, 0, 6, 6, 11, 11, 13, 11, 8, 13, 8, 15, 6, 6, 21, 21, 18, 6, 6, 26, 26, 23, 6]
[6, 6, 6, 6, 6, 0, 6, 6, 11, 11, 13, 11, 8, 13, 8, 15, 6, 6, 18, 21, 19, 6]
[0, 5, 5, 5, 1, 1]
[0, 1, 4, 2, 1]
[6, 6, 6, 6, 6, 0, 6, 6, 13, 13, 13, 13, 8, 8, 18, 18, 18, 21, 18, 21, 14, 6]
[6, 6, 6, 6, 6, 0, 6, 6, 11, 11, 13, 11, 8, 13, 8, 15, 6, 6, 18, 21, 19, 6, 6, 26, 26, 23, 6]
[6, 6, 6, 6, 6, 0, 6, 6, 11, 11, 13, 11, 8, 13, 8, 15, 6, 6, 21, 21, 18, 6, 6, 26, 26, 23, 6]
[0, 5, 5, 5, 1, 1, 10, 10, 10, 13, 10, 13, 6, 1]
[0, 5, 5, 5, 1, 1]
[0, 1, 4, 2, 1]
[6, 6, 6, 6, 6, 0, 6, 6, 13, 13, 13, 13, 8, 8, 18, 18, 18, 21, 18, 21, 14, 6]
[6, 6, 6, 6, 6, 0, 6, 6, 11, 11, 13, 11, 8, 13, 8, 15, 6, 6, 18, 21, 19, 6, 6, 26, 26, 23, 6]
[6, 6, 6, 6, 6, 0, 6, 6, 11, 11, 13, 11, 8, 13, 8, 15, 6, 6, 21, 21, 18, 6, 6, 26, 26, 23, 6]
[0, 5, 5, 5, 1, 1, 10, 10, 10, 13, 10, 13, 6, 1]
[0, 5, 5, 5, 1, 1]
[0, 3, 1, 1]
[0, 3, 1, 1]
[0, 3, 1, 1]
[0, 3, 1, 1]
[0, 1, 4, 2, 1, 1, 10, 10, 10, 6, 1]
[6, 6, 6, 6, 6, 0, 6, 6, 11, 11, 13, 11, 8, 13, 8, 15, 6, 6, 21, 21, 18, 6, 6, 26, 26, 23, 6]
[6, 6, 6, 6, 6, 0, 6, 6, 8, 11, 9, 6, 6, 17, 17, 17, 6, 20, 20, 22, 20, 17, 22, 17, 24, 6, 6]
[0, 5, 5, 5, 1, 1]
[0, 1, 4, 2, 1, 1, 9, 9, 6, 1]
[6, 6, 6, 6, 6, 0, 6, 6, 10, 8, 6]
[0, 4, 4, 1, 1, 1, 9, 9, 6, 1]
[0, 3, 1, 1]
[0, 5, 5, 5, 1, 1]
[0, 1, 4, 2, 1]
[6, 6, 6, 6, 6, 0, 6, 6, 11, 11, 8, 6]
[0, 5, 5, 5, 1, 1, 9, 9, 6, 1]
[0, 5, 5, 5, 1, 1]
[0, 1, 4, 2, 1]
[0, 8, 8, 8, 8, 8, 8, 1, 1, 1, 10, 13, 11, 1]
[0, 5, 5, 5, 1, 1]
[0, 8, 8, 8, 8, 8, 8, 1, 1]
[0, 1, 4, 2, 1]
[0, 8, 8, 8, 8, 8, 8, 1, 1, 1, 10, 13, 11, 1]
[0, 4, 4, 1, 1, 8, 8, 5, 1, 1, 19, 19, 19, 16, 16, 19, 16, 16, 10, 10, 23, 23, 20, 1, 1, 29, 29, 29, 25, 1]
[0, 1, 4, 2, 1]
[0, 5, 5, 5, 1, 1, 9, 9, 6, 1, 1, 11, 14, 12, 1]
[3, 3, 0, 3, 4, 8, 8, 5, 3, 3, 10, 14, 14, 11, 3]
[0, 4, 4, 1, 4, 5, 4, 1, 14, 12, 12, 14, 14, 1, 14, 17, 15, 17, 21, 21, 18, 21, 27, 27, 27, 27, 22, 1, 1, 31, 29, 29, 35, 35, 32, 39, 39, 39, 29, 1]
[6, 4, 4, 6, 6, 54, 6, 7, 8, 11, 9, 6, 6, 16, 16, 23, 16, 23, 23, 23, 23, 23, 6, 23, 23, 23, 6, 6, 32, 32, 32, 39, 39, 39, 39, 39, 39, 39, 6, 41, 39, 41, 39, 46, 46, 39, 54, 54, 54, 54, 52, 50, 54, 0, 56, 54, 56, 57, 61, 61, 58, 54, 54, 63, 67, 67, 64, 54, 54, 54, 81, 74, 74, 81, 74, 81, 81, 81, 81, 81, 54, 81, 81, 81, 54, 54, 54, 92, 91, 91, 92, 54, 95, 95, 92, 92, 99, 99, 96, 54, 54, 105, 102, 102, 101, 105, 106, 111, 111, 111, 107, 114, 114, 111, 114, 118, 118, 115, 118, 124, 124, 124, 124, 119, 114, 129, 128, 126, 54, 131, 129, 131, 132, 136, 136, 133, 54, 54, 138, 142, 142, 139, 54]
[3, 3, 0, 3, 4, 8, 8, 5, 3, 3, 10, 13, 11, 3]
[0, 5, 5, 5, 1, 1]
[6, 4, 4, 6, 6, 14, 6, 7, 8, 11, 9, 14, 14, 0, 18, 18, 18, 14, 14, 22, 22, 24, 22, 19, 14, 14, 14, 14, 32, 32, 32, 28, 28, 36, 36, 33, 14]
[6, 6, 6, 6, 6, 0, 6, 6, 8, 12, 12, 9, 6]
[0, 1, 5, 5, 2, 1]
[0, 5, 5, 5, 1, 1, 6, 9, 7, 9, 1]
[0, 5, 5, 5, 1, 1]
[0, 5, 5, 5, 1, 1, 9, 9, 6, 1, 1, 11, 14, 12, 1]
[0, 5, 5, 5, 1, 1, 9, 9, 6, 1, 1, 11, 14, 12, 1]
[0, 1, 4, 2, 1]
[0, 5, 5, 5, 1, 1]
[0, 1, 4, 2, 1]
[6, 6, 6, 6, 6, 0, 6, 10, 10, 11, 6, 11, 15, 15, 12, 6, 6, 17, 21, 21, 18, 6]
[0, 5, 5, 5, 1, 1]
[0, 1, 4, 2, 1]
[6, 6, 6, 6, 6, 0, 6, 10, 10, 11, 6, 11, 15, 15, 12, 6, 6, 17, 21, 21, 18, 6]
[0, 5, 5, 5, 1, 1]
[9, 5, 5, 5, 1, 1, 6, 9, 0, 12, 12, 9, 12, 17, 17, 17, 13, 19, 9, 19, 19, 23, 26, 23, 26, 21, 19, 9, 32, 32, 32, 28, 9]
[9, 5, 5, 5, 1, 1, 6, 9, 0, 12, 12, 9, 12, 17, 17, 17, 13, 9, 21, 21, 18, 23, 9, 23, 23, 27, 30, 27, 30, 25, 23, 9, 36, 36, 36, 32, 9]
[0, 5, 5, 5, 1, 1, 6, 1, 1, 12, 12, 9, 12, 17, 17, 17, 13, 9, 21, 21, 18, 23, 9, 23, 23, 27, 30, 27, 30, 25, 23, 9, 36, 36, 36, 32, 1]
[0, 1, 4, 2, 1]
[6, 6, 6, 6, 6, 0, 6, 6, 8, 11, 9, 6]
[0, 5, 5, 5, 1, 1]
[9, 5, 5, 5, 1, 1, 6, 9, 0, 12, 12, 9, 12, 17, 17, 17, 13, 19, 9, 19, 19, 23, 26, 23, 26, 21, 19, 9, 32, 32, 32, 28, 9]
[0, 1, 4, 2, 1]
[6, 6, 6, 6, 6, 0, 6, 6, 8, 11, 9, 6]
